[gd_scene load_steps=10 format=2]

[ext_resource path="res://Cube.gd" type="Script" id=1]
[ext_resource path="res://MeshInstance.gd" type="Script" id=2]
[ext_resource path="res://TriangleTesselation.gd" type="Script" id=3]
[ext_resource path="res://Icosahedron.gd" type="Script" id=4]

[sub_resource type="Environment" id=1]
background_mode = 1
ambient_light_color = Color( 1, 1, 1, 1 )
ambient_light_energy = 0.01

[sub_resource type="SpatialMaterial" id=2]
vertex_color_use_as_albedo = true
params_cull_mode = 2

[sub_resource type="SpatialMaterial" id=3]
vertex_color_use_as_albedo = true
params_cull_mode = 2

[sub_resource type="SpatialMaterial" id=4]
vertex_color_use_as_albedo = true
params_diffuse_mode = 1

[sub_resource type="SpatialMaterial" id=5]
vertex_color_use_as_albedo = true
params_specular_mode = 2

[node name="Spatial" type="Spatial"]

[node name="WorldEnvironment" type="WorldEnvironment" parent="."]
environment = SubResource( 1 )

[node name="Cube" type="MeshInstance" parent="."]
visible = false
material_override = SubResource( 2 )
script = ExtResource( 1 )

[node name="Triangle" type="MeshInstance" parent="."]
visible = false
material_override = SubResource( 3 )
skeleton = NodePath("")
script = ExtResource( 2 )

[node name="TriangleTesselation" type="MeshInstance" parent="."]
visible = false
material_override = SubResource( 4 )
script = ExtResource( 3 )
freq = 3

[node name="Camera" type="Camera" parent="."]
transform = Transform( 1, 0, 0, 0, 0.941618, 0.336684, 0, -0.336684, 0.941618, 0, 1.4, 3.7 )

[node name="Icosahedron" type="MeshInstance" parent="."]
material_override = SubResource( 5 )
script = ExtResource( 4 )
frequency = 9

[node name="DirectionalLight" type="DirectionalLight" parent="."]
transform = Transform( 1, 0, 0, 0, -0.0457466, 0.998953, 0, -0.998953, -0.0457466, 0.176224, 8.65616, 5.03377 )
light_energy = 0.5

[node name="DirectionalLight2" type="DirectionalLight" parent="."]
transform = Transform( 1, 0, 0, 0, 0.998769, 0.0495994, 0, -0.0495994, 0.998769, 0, 0.519212, 7.3335 )
visible = false
light_energy = 0.15

[node name="SpotLight" type="SpotLight" parent="."]
transform = Transform( 1, 0, 0, 0, 0.45882, 0.888529, 0, -0.888529, 0.45882, 0.780907, 5.65641, 5.19997 )
spot_range = 11.2
spot_angle = 14.0
